<Hierarchy>:
	<Frame>: 0 0 BoxingComplete
		<Transform>: -9.532532 -1.548747 3.46812 0 0 0 1 1 1 0 0 0 1  
		<TransformMatrix>: 1 0 0 0 0 1 0 0 0 0 1 0 -9.532532 -1.548747 3.46812 1  
		<Children>: 2
			<Frame>: 1 0 Armature
				<Transform>: 0 0 0 270 0 0 1 1 1 -0.7071068 0 0 0.7071068  
				<TransformMatrix>: 1 0 0 0 0 -1.192093E-07 -1 0 0 1 -1.192093E-07 0 0 0 0 1  
				<Children>: 1
					<Frame>: 2 0 Hip
						<Transform>: -1.080338 -1.907349E-08 0.8585396 52.46744 63.3288 341.0186 1 1 1 0.2934405 0.5264639 -0.3547533 0.7147578  
						<TransformMatrix>: 0.1939719 -0.1981537 -0.9607863 0 0.816097 0.5760856 0.04594821 0 0.5443903 -0.7930074 0.2734569 0 -1.080338 -1.907349E-08 0.8585396 1  
						<Children>: 3
							<Frame>: 3 0 LowerSpine
								<Transform>: -0.1020336 2.145767E-08 -0.01392703 -2.482673E-06 23.63725 1.280661E-06 0.9999999 1 1 -1.891714E-08 0.2048142 1.537634E-08 0.9788009  
								<TransformMatrix>: 0.9161022 2.235174E-08 -0.4009447 0 -3.784974E-08 1 -3.073364E-08 0 0.4009447 4.333081E-08 0.9161023 0 -0.1020336 2.145767E-08 -0.01392703 1  
								<Children>: 1
									<Frame>: 4 0 MiddleSpine
										<Transform>: -0.08276369 -1.430511E-08 1.168251E-07 1.545599 346.8485 1.139078 0.9999999 0.9999999 0.9999999 0.01225988 -0.1146339 0.01141834 0.9932665  
										<TransformMatrix>: 0.9734573 0.01987212 0.228004 0 -0.02549371 0.9994385 0.0217368 0 -0.227444 -0.02697251 0.9734175 0 -0.08276369 -1.430511E-08 1.168251E-07 1  
										<Children>: 1
											<Frame>: 5 0 Chest
												<Transform>: -0.1047741 -6.794929E-08 -1.907349E-08 2.574224 32.99572 6.689638 1 1 1 0.03806558 0.2821676 0.04956078 0.9573276  
												<TransformMatrix>: 0.8358503 0.1163736 -0.5364807 0 -0.07341005 0.9921895 0.1008514 0 0.5440269 -0.04491357 0.837865 0 -0.1047741 -6.794929E-08 -1.907349E-08 1  
												<Children>: 3
													<Frame>: 6 0 LClavicle
														<Transform>: -0.2335516 -0.0232669 0.02694789 18.88015 329.8844 82.19181 0.9999999 0.9999998 0.9999999 -0.04909487 -0.2972408 0.6582673 0.6898708  
														<TransformMatrix>: -0.04333591 0.9374248 0.3454804 0 -0.8790526 0.1285476 -0.459066 0 -0.4747506 -0.3235896 0.8184751 0 -0.2335516 -0.0232669 0.02694789 1  
														<Children>: 1
															<Frame>: 7 0 LShoulder
																<Transform>: -0.148861 3.606081E-08 1.192093E-08 354.0134 37.49521 64.05521 1 1 0.9999999 0.1282928 0.2983326 0.515734 0.7928159  
																<TransformMatrix>: 0.2900321 0.8943121 -0.3407158 0 -0.7412165 0.4351188 0.5111456 0 0.6053755 0.1042955 0.7890772 0 -0.148861 3.606081E-08 1.192093E-08 1  
																<Children>: 1
																	<Frame>: 8 0 LForearm
																		<Transform>: -0.2887568 -4.768371E-08 6.67572E-08 15.29813 138.1723 345.9542 0.9999999 1 1 -0.06603717 0.9246697 -0.1666592 0.3359312  
																		<TransformMatrix>: -0.7655786 -0.2340972 -0.5992393 0 -0.01015309 0.9357276 -0.3525773 0 0.6432622 -0.2638415 -0.7187499 0 -0.2887568 -4.768371E-08 6.67572E-08 1  
																		<Children>: 1
																			<Frame>: 9 0 LHand
																				<Transform>: -0.2408783 -4.768371E-08 0 358.0757 358.0816 359.7132 1 1 1 -0.01674758 -0.01677988 -0.002783042 0.9997151  
																				<TransformMatrix>: 0.9994214 -0.005002454 0.03364342 0 0.006126544 0.9994236 -0.03339221 0 -0.03345699 0.033579 0.9988759 0 -0.2408783 -4.768371E-08 0 1  
																				<Children>: 5
																					<Frame>: 10 0 LFinger0
																						<Transform>: -0.01860208 -0.01535966 0.01479681 31.04921 54.17019 39.91 0.9999999 0.9999999 0.9999999 0.3737127 0.3310351 0.1782193 0.8479342  
																						<TransformMatrix>: 0.7173073 0.5496604 -0.4281862 0 -0.05481241 0.6571532 0.7517612 0 0.6945975 -0.515774 0.5015091 0 -0.01860208 -0.01535966 0.01479681 1  
																						<Children>: 1
																							<Frame>: 11 0 LFinger01
																								<Transform>: -0.04655232 1.621246E-07 -8.34465E-08 28.48869 349.9768 40.08448 1 0.9999999 1 0.2012547 -0.1635485 0.3510995 0.8997097  
																								<TransformMatrix>: 0.699962 0.5659454 0.4356132 0 -0.697605 0.6724513 0.247298 0 -0.1529715 -0.4769852 0.8654969 0 -0.04655232 1.621246E-07 -8.34465E-08 1  
																								<Children>: 1
																									<Frame>: 12 0 LFinger02
																										<Transform>: -0.03038661 4.291534E-08 5.722046E-08 11.68878 325.5721 58.17578 0.9999999 1 1 -0.05812593 -0.304557 0.4882945 0.815742  
																										<TransformMatrix>: 0.337627 0.8320498 0.4401147 0 -0.7612392 0.5163797 -0.3922586 0 -0.5536451 -0.2025955 0.8077329 0 -0.03038661 4.291534E-08 5.722046E-08 1  
																										<Children>: 0
																									</Frame>
																							</Frame>
																					</Frame>
																					<Frame>: 13 0 LFinger1
																						<Transform>: -0.09231341 0.006273041 0.02988338 6.452455 13.56556 72.86154 1 1 1 0.1149893 0.06168699 0.5834123 0.8016248  
																						<TransformMatrix>: 0.3116497 0.9495423 0.03527274 0 -0.9211689 0.2928151 0.2563345 0 0.233072 -0.1123787 0.9659443 0 -0.09231341 0.006273041 0.02988338 1  
																						<Children>: 1
																							<Frame>: 14 0 LFinger11
																								<Transform>: -0.03646602 -4.768371E-09 3.814697E-08 357.3599 6.168019 69.06307 0.9999999 0.9999999 1 0.01153795 0.05734964 0.5669096 0.8217003  
																								<TransformMatrix>: 0.350649 0.9329829 -0.08116647 0 -0.9303362 0.3569607 0.08398559 0 0.1073304 0.04606264 0.9931558 0 -0.03646602 -4.768371E-09 3.814697E-08 1  
																								<Children>: 1
																									<Frame>: 15 0 LFinger12
																										<Transform>: -0.02489538 -8.106232E-08 3.814697E-08 358.7807 356.0417 75.25005 0.9999999 1 1 -0.02950526 -0.02085977 0.6098014 0.7917302  
																										<TransformMatrix>: 0.2554142 0.9668272 -0.002954084 0 -0.9643654 0.2545434 -0.07216104 0 -0.06901531 0.02127977 0.9973886 0 -0.02489538 -8.106232E-08 3.814697E-08 1  
																										<Children>: 0
																									</Frame>
																							</Frame>
																					</Frame>
																					<Frame>: 16 0 LFinger2
																						<Transform>: -0.0946548 0.008453912 0.006354294 1.604364 0.8575596 76.6413 1 1 0.9999999 0.01562345 -0.002810121 0.6199015 0.784519  
																						<TransformMatrix>: 0.2314284 0.9725613 0.02377919 0 -0.9727369 0.230956 0.02102979 0 0.01496081 -0.02799778 0.999496 0 -0.0946548 0.008453912 0.006354294 1  
																						<Children>: 1
																							<Frame>: 17 0 LFinger21
																								<Transform>: -0.04317685 2.861023E-08 7.629394E-08 357.1521 358.4178 77.84377 0.9999999 1 1 -0.02800365 0.004872065 0.6277394 0.7779045  
																								<TransformMatrix>: 0.2118389 0.9763696 -0.04273799 0 -0.9769155 0.210318 -0.03745155 0 -0.02757799 0.0496851 0.9983841 0 -0.04317685 2.861023E-08 7.629394E-08 1  
																								<Children>: 1
																									<Frame>: 18 0 LFinger22
																										<Transform>: -0.02393147 3.814697E-08 9.536743E-08 356.9369 359.1156 78.18335 0.9999999 1 0.9999999 -0.02560839 0.01086453 0.630159 0.7759678  
																										<TransformMatrix>: 0.2055632 0.9774095 -0.04913576 0 -0.9785225 0.2044877 -0.02604982 0 -0.01541367 0.05343533 0.9984522 0 -0.02393147 3.814697E-08 9.536743E-08 1  
																										<Children>: 0
																									</Frame>
																							</Frame>
																					</Frame>
																					<Frame>: 19 0 LFinger3
																						<Transform>: -0.09061164 0.006289539 -0.01742933 359.1219 356.8911 73.08021 1 1 0.9999999 -0.02230501 -0.01723368 0.5949817 0.8032449  
																						<TransformMatrix>: 0.2913996 0.9566007 0.001143584 0 -0.9550632 0.2909986 -0.0563402 0 -0.05422786 0.01532532 0.9984109 0 -0.09061164 0.006289539 -0.01742933 1  
																						<Children>: 1
																							<Frame>: 20 0 LFinger31
																								<Transform>: -0.03930484 1.049042E-07 3.814697E-08 357.5042 358.5085 80.82101 1 0.9999999 1 -0.02501594 0.004208868 0.6478351 0.7613581  
																								<TransformMatrix>: 0.160584 0.9862584 -0.03882132 0 -0.9866796 0.1593678 -0.03263888 0 -0.0260035 0.04354549 0.998713 0 -0.03930484 1.049042E-07 3.814697E-08 1  
																								<Children>: 1
																									<Frame>: 21 0 LFinger32
																										<Transform>: -0.02239735 3.33786E-08 -1.144409E-07 358.9115 2.285637 85.78792 1 1 1 0.006617113 0.02107497 0.6806163 0.732307  
																										<TransformMatrix>: 0.07263458 0.997119 -0.02185926 0 -0.9965612 0.07343531 0.03837945 0 0.03987413 0.01899642 0.9990242 0 -0.02239735 3.33786E-08 -1.144409E-07 1  
																										<Children>: 0
																									</Frame>
																							</Frame>
																					</Frame>
																					<Frame>: 22 0 LFinger4
																						<Transform>: -0.08466329 -0.005656881 -0.03360521 348.5956 341.7164 61.1088 1 1 1 -0.1648418 -0.08627294 0.4858218 0.8540266  
																						<TransformMatrix>: 0.5130683 0.8582522 -0.01280867 0 -0.8013667 0.4736088 -0.3653851 0 -0.3075262 0.197732 0.9307684 0 -0.08466329 -0.005656881 -0.03360521 1  
																						<Children>: 1
																							<Frame>: 23 0 LFinger41
																								<Transform>: -0.02549923 3.814697E-08 9.536743E-08 13.84089 344.3849 78.76298 1 0.9999999 1 0.006705109 -0.1799763 0.6366711 0.749809  
																								<TransformMatrix>: 0.124517 0.9523499 0.2784335 0 -0.9571769 0.1892099 -0.2191162 0 -0.2613578 -0.2392264 0.9351272 0 -0.02549923 3.814697E-08 9.536743E-08 1  
																								<Children>: 1
																									<Frame>: 24 0 LFinger42
																										<Transform>: -0.01869846 -4.768371E-09 8.821488E-08 3.409716 1.71559 65.73671 1 0.9999999 1 0.03310686 -0.003575678 0.5420355 0.8396956  
																										<TransformMatrix>: 0.4123694 0.9100529 0.04189515 0 -0.9105263 0.4102028 0.05172307 0 0.02988522 -0.05947565 0.9977823 0 -0.01869846 -4.768371E-09 8.821488E-08 1  
																										<Children>: 0
																									</Frame>
																							</Frame>
																					</Frame>
																			</Frame>
																	</Frame>
															</Frame>
													</Frame>
													<Frame>: 25 0 Neck
														<Transform>: -0.2241247 5.722046E-08 -0.05389583 3.413308E-07 2.886538 1.707547E-06 1 1 0.9999999 3.353045E-09 0.02518713 1.482141E-08 0.9996828  
														<TransformMatrix>: 0.9987312 2.980233E-08 -0.05035828 0 -2.946451E-08 1 7.450581E-09 0 0.05035827 -5.957345E-09 0.9987311 0 -0.2241247 5.722046E-08 -0.05389583 1  
														<Children>: 1
															<Frame>: 26 0 Head
																<Transform>: -0.1348745 -1.001358E-07 1.907349E-08 28.81276 346.7799 0.8534383 1 1 0.9999999 0.2463067 -0.1133294 0.03580413 0.9618771  
																<TransformMatrix>: 0.971749 0.01305078 0.2356555 0 -0.1247059 0.8761021 0.4657182 0 -0.2003803 -0.4819489 0.8529789 0 -0.1348745 -1.001358E-07 1.907349E-08 1  
																<Children>: 0
															</Frame>
													</Frame>
													<Frame>: 27 0 RClavicle
														<Transform>: -0.2335515 0.02326706 0.0269479 341.4312 329.5592 278.8221 1 1 1 0.05035358 -0.2980414 -0.6517461 0.6956025  
														<TransformMatrix>: -0.02720333 -0.9367275 0.3490013 0 0.8766977 0.1453831 0.4585469 0 -0.4802723 0.3184425 0.8172716 0 -0.2335515 0.02326706 0.0269479 1  
														<Children>: 1
															<Frame>: 28 0 RShoulder
																<Transform>: -0.1488868 1.010299E-07 -6.973743E-08 19.04294 66.23664 283.4421 0.9999999 1 1 -0.2250502 0.5088207 -0.5826506 0.5924292  
																<TransformMatrix>: -0.1967604 -0.9193788 -0.3406292 0 0.461338 0.2197413 -0.859582 0 0.8651317 -0.3262767 0.3809077 0 -0.1488868 1.010299E-07 -6.973743E-08 1  
																<Children>: 1
																	<Frame>: 29 0 RForearm
																		<Transform>: -0.2887568 0 -3.33786E-08 355.0177 129.5685 6.826566 1 0.9999999 1 0.03532915 0.9033539 0.06459406 0.4225295  
																		<TransformMatrix>: -0.6404414 0.1184153 -0.7588232 0 0.009243666 0.9891589 0.1465578 0 0.7679514 0.08684738 -0.6345929 0 -0.2887568 0 -3.33786E-08 1  
																		<Children>: 1
																			<Frame>: 30 0 RHand
																				<Transform>: -0.2408784 -5.722046E-08 9.536743E-09 1.924296 358.0816 0.286934 0.9999999 0.9999999 1 0.01674755 -0.01677984 0.002784364 0.9997151  
																				<TransformMatrix>: 0.9994212 0.005005099 0.03364337 0 -0.006129183 0.9994234 0.03339211 0 -0.03345685 -0.033579 0.9988759 0 -0.2408784 -5.722046E-08 9.536743E-09 1  
																				<Children>: 5
																					<Frame>: 31 0 RFinger0
																						<Transform>: -0.01860208 0.01535976 0.01479687 332.5233 56.79913 329.1048 0.9999999 0.9999998 0.9999998 -0.3244199 0.3896759 -0.1187254 0.8537029  
																						<TransformMatrix>: 0.6681138 -0.4555498 -0.5883011 0 -0.05012477 0.7613118 -0.6464453 0 0.7423687 0.4613875 0.4858086 0 -0.01860208 0.01535976 0.01479687 1  
																						<Children>: 1
																							<Frame>: 32 0 RFinger01
																								<Transform>: -0.04655247 -1.382828E-07 -3.814697E-08 7.228217 321.1723 316.4029 0.9999999 1 1 0.1783865 -0.2859309 -0.3300797 0.8817422  
																								<TransformMatrix>: 0.6185817 -0.6841028 0.3864712 0 0.480078 0.7184513 0.5033419 0 -0.6219983 -0.1258218 0.7728435 0 -0.04655247 -1.382828E-07 -3.814697E-08 1  
																								<Children>: 1
																									<Frame>: 33 0 RFinger02
																										<Transform>: -0.03038673 9.298324E-08 0 323.3937 305.3809 336.7801 1 0.9999999 0.9999999 -0.1856717 -0.4828306 -0.3109056 0.797332  
																										<TransformMatrix>: 0.3404246 -0.316494 0.8854054 0 0.6750858 0.7377275 0.004145562 0 -0.6544999 0.5963134 0.4648012 0 -0.03038673 9.298324E-08 0 1  
																										<Children>: 0
																									</Frame>
																							</Frame>
																					</Frame>
																					<Frame>: 34 0 RFinger1
																						<Transform>: -0.0923135 -0.006272769 0.02988341 354.2422 15.70256 286.6785 0.9999999 0.9999999 0.9999999 -0.1213714 0.07973462 -0.5852286 0.7977587  
																						<TransformMatrix>: 0.3022998 -0.9530972 0.01484203 0 0.9143872 0.285553 -0.2869761 0 0.2692779 0.1003242 0.9578226 0 -0.0923135 -0.006272769 0.02988341 1  
																						<Children>: 1
																							<Frame>: 35 0 RFinger11
																								<Transform>: -0.03646596 2.861023E-08 -4.768371E-08 10.8577 1.109477 283.116 1 1 1 0.06810591 0.06636728 -0.6196216 0.7791188  
																								<TransformMatrix>: 0.2233288 -0.9564777 -0.1878158 0 0.9745577 0.2228612 0.02387998 0 0.01901619 -0.1883704 0.9819139 0 -0.03646596 2.861023E-08 -4.768371E-08 1  
																								<Children>: 1
																									<Frame>: 36 0 RFinger12
																										<Transform>: -0.02489535 -2.622604E-08 3.814697E-08 10.75015 0.8820844 288.9402 0.9999999 1 0.9999999 0.07177825 0.06067246 -0.5791417 0.8097911  
																										<TransformMatrix>: 0.3218274 -0.9292578 -0.1814036 0 0.9466776 0.3188855 0.04597487 0 0.01512449 -0.1865267 0.9823334 0 -0.02489535 -2.622604E-08 3.814697E-08 1  
																										<Children>: 0
																									</Frame>
																							</Frame>
																					</Frame>
																					<Frame>: 37 0 RFinger2
																						<Transform>: -0.09465484 -0.008454661 0.006354351 357.3882 1.428603 283.8348 0.9999999 1 0.9999999 -0.02562437 -0.004245429 -0.6163648 0.7870322  
																						<TransformMatrix>: 0.2401527 -0.9699804 0.0382705 0 0.9704155 0.2388756 -0.03510095 0 0.02490534 0.04556788 0.9986507 0 -0.09465484 -0.008454661 0.006354351 1  
																						<Children>: 1
																							<Frame>: 38 0 RFinger21
																								<Transform>: -0.0431769 5.722046E-08 1.907349E-08 1.038332 351.456 277.9038 1 1 1 0.05573039 -0.05024224 -0.6543319 0.7524756  
																								<TransformMatrix>: 0.1386509 -0.9903377 0.002679773 0 0.9791377 0.1374877 0.1496217 0 -0.1485445 -0.01812132 0.9887398 0 -0.0431769 5.722046E-08 1.907349E-08 1  
																								<Children>: 1
																									<Frame>: 39 0 RFinger22
																										<Transform>: -0.0239315 4.768371E-08 0 354.4837 354.3331 297.2941 0.9999999 1 0.9999999 -0.01535271 -0.06717239 -0.5211016 0.8507087  
																										<TransformMatrix>: 0.447882 -0.8845487 0.1302889 0 0.8886739 0.4564348 0.04388591 0 -0.09828762 0.09612863 0.9905043 0 -0.0239315 4.768371E-08 0 1  
																										<Children>: 0
																									</Frame>
																							</Frame>
																					</Frame>
																					<Frame>: 40 0 RFinger3
																						<Transform>: -0.0906117 -0.006289306 -0.01742926 359.7026 359.1472 286.6741 0.9999998 1 0.9999999 0.002361864 -0.00751965 -0.5971037 0.8021253  
																						<TransformMatrix>: 0.2868213 -0.9579393 0.009242847 0 0.9578685 0.2869233 0.01276905 0 -0.01488396 0.005190998 0.9998756 0 -0.0906117 -0.006289306 -0.01742926 1  
																						<Children>: 1
																							<Frame>: 41 0 RFinger31
																								<Transform>: -0.03930493 3.814697E-08 2.288818E-07 353.555 359.1437 286.7582 1 1 1 -0.04066532 -0.03951938 -0.5958949 0.8010579  
																								<TransformMatrix>: 0.2866949 -0.9514787 0.1117792 0 0.9579068 0.2865111 -0.01805176 0 -0.01485012 0.1122494 0.9935692 0 -0.03930493 3.814697E-08 2.288818E-07 1  
																								<Children>: 1
																									<Frame>: 42 0 RFinger32
																										<Transform>: -0.02239724 -7.629394E-08 0 357.0988 359.7684 274.4153 1 1 1 -0.01720447 -0.0186802 -0.6791621 0.7335488  
																										<TransformMatrix>: 0.07677967 -0.9957545 0.05077493 0 0.99704 0.07688558 0.0001331381 0 -0.004036434 0.05061441 0.9987101 0 -0.02239724 -7.629394E-08 0 1  
																										<Children>: 0
																									</Frame>
																							</Frame>
																					</Frame>
																					<Frame>: 43 0 RFinger4
																						<Transform>: -0.08466322 0.005657134 -0.03360526 4.53952 340.9365 288.3556 0.9999999 1 0.9999999 0.128511 -0.1113053 -0.571421 0.8028537  
																						<TransformMatrix>: 0.3221783 -0.9461427 0.03185601 0 0.888927 0.313926 0.3335554 0 -0.3255915 -0.07914668 0.942192 0 -0.08466322 0.005657134 -0.03360526 1  
																						<Children>: 1
																							<Frame>: 44 0 RFinger41
																								<Transform>: -0.02549929 -4.529953E-08 1.907349E-08 350.1453 350.7349 314.6766 0.9999999 0.9999999 1 -0.0479998 -0.1072398 -0.3890126 0.9137094  
																								<TransformMatrix>: 0.6743376 -0.7005939 0.2333171 0 0.7211838 0.6927304 -0.004280447 0 -0.158627 0.171151 0.9723912 0 -0.02549929 -4.529953E-08 1.907349E-08 1  
																								<Children>: 1
																									<Frame>: 45 0 RFinger42
																										<Transform>: -0.01869842 7.629394E-08 -9.536743E-08 2.819281 3.590946 250.5122 0.9999999 1 1 -0.011384 0.03815857 -0.816377 0.576145  
																										<TransformMatrix>: -0.3358549 -0.9415717 -0.02538246 0 0.9398342 -0.3332019 -0.07542123 0 0.06255702 -0.04918589 0.9968288 0 -0.01869842 7.629394E-08 -9.536743E-08 1  
																										<Children>: 0
																									</Frame>
																							</Frame>
																					</Frame>
																			</Frame>
																	</Frame>
															</Frame>
													</Frame>
											</Frame>
									</Frame>
							</Frame>
							<Frame>: 46 0 LThigh
								<Transform>: -0.04112916 -0.09688592 0.006964006 353.7005 4.065793 170.1095 1 1 1.000001 0.0305543 0.05776016 0.9943145 0.08407747  
								<TransformMatrix>: -0.9839956 0.1707286 0.05104854 0 -0.1636693 -0.9791899 0.1200014 0 0.0704739 0.1097258 0.9914616 0 -0.04112916 -0.09688592 0.006964006 1  
								<Children>: 1
									<Frame>: 47 0 LShin
										<Transform>: -0.4214863 0 -5.722046E-08 3.939019 339.6191 1.263601 0.9999999 1 1 0.03187375 -0.1771782 0.01692639 0.9835169  
										<TransformMatrix>: 0.9366427 0.02200011 0.3495945 0 -0.04458945 0.9973952 0.05669877 0 -0.3474365 -0.06869471 0.9351839 0 -0.4214863 0 -5.722046E-08 1  
										<Children>: 1
											<Frame>: 48 0 LFoot
												<Transform>: -0.4138009 9.953975E-08 6.794929E-08 10.66924 248.3439 185.3658 1 1 1 0.8253134 0.01360401 -0.5550323 0.103014  
												<TransformMatrix>: 0.3835083 -0.09189705 -0.9189541 0 0.1368073 -0.9784062 0.1549363 0 -0.9133484 -0.185139 -0.3626547 0 -0.4138009 9.953975E-08 6.794929E-08 1  
												<Children>: 1
													<Frame>: 49 0 LToe
														<Transform>: -0.1054213 -3.07304E-08 -4.768371E-09 8.454067E-06 334.4422 -1.772228E-06 1 1 1 7.536912E-08 -0.2211895 1.235867E-09 0.9752309  
														<TransformMatrix>: 0.9021504 -3.093121E-08 0.4314217 0 -3.575223E-08 1 1.464579E-07 0 -0.4314217 -1.475513E-07 0.9021504 0 -0.1054213 -3.07304E-08 -4.768371E-09 1  
														<Children>: 0
													</Frame>
											</Frame>
									</Frame>
							</Frame>
							<Frame>: 50 0 RThigh
								<Transform>: -0.04112639 0.09688603 0.006962967 353.0688 5.690124 180.8641 1 1 1.000001 0.04999837 0.05999951 0.99689 -0.01051783  
								<TransformMatrix>: -0.9947796 -0.0149705 0.1009479 0 0.02697 -0.992579 0.1185741 0 0.09842375 0.1206777 0.9878016 0 -0.04112639 0.09688603 0.006962967 1  
								<Children>: 1
									<Frame>: 51 0 RShin
										<Transform>: -0.4214832 1.531839E-07 9.715557E-08 5.513371 319.9586 354.3392 0.9999999 1 0.9999999 0.06201923 -0.339315 -0.02989646 0.9381499  
										<TransformMatrix>: 0.767943 -0.09818282 0.6329483 0 0.0140066 0.9905196 0.1366553 0 -0.6403649 -0.09607803 0.7620378 0 -0.4214832 1.531839E-07 9.715557E-08 1  
										<Children>: 1
											<Frame>: 52 0 RFoot
												<Transform>: -0.4138009 1.377193E-08 -1.907349E-08 344.0712 261.4458 160.4883 1 1 1 0.755027 0.03809467 -0.6189711 -0.2129737  
												<TransformMatrix>: 0.2308472 0.3211743 -0.9184537 0 -0.2061242 -0.906382 -0.3687608 0 -0.9509062 0.2744428 -0.1430339 0 -0.4138009 1.377193E-08 -1.907349E-08 1  
												<Children>: 1
													<Frame>: 53 0 RToe
														<Transform>: -0.1054199 8.321222E-09 7.152557E-09 6.657687E-06 334.4425 -1.308438E-07 0.9999999 0.9999999 0.9999999 5.69128E-08 -0.2211871 1.173726E-08 0.9752314  
														<TransformMatrix>: 0.9021525 -2.283656E-09 0.4314171 0 -4.806984E-08 0.9999999 1.05814E-07 0 -0.4314171 -1.161985E-07 0.9021525 0 -0.1054199 8.321222E-09 7.152557E-09 1  
														<Children>: 0
													</Frame>
											</Frame>
									</Frame>
							</Frame>
					</Frame>
			</Frame>
			<Frame>: 54 0 ExportModel
				<Transform>: 0 0.01156184 0.4686096 0 0 0 1 1 1 0 0 0 1  
				<TransformMatrix>: 1 0 0 0 0 1 0 0 0 0 1 0 0 0.01156184 0.4686096 1  
				<SkinningInfo>: ExportModel
					<BonesPerVertex>: 4
					<Bounds>: 0.01149619 -0.0820542 0.06411934 0.8642126 0.3430111 0.4767886
					<BoneNames>: 52 Hip LowerSpine MiddleSpine Chest Neck Head LClavicle LShoulder LForearm LHand LFinger1 LFinger11 LFinger12 LFinger2 LFinger21 LFinger22 LFinger3 LFinger31 LFinger32 LFinger4 LFinger41 LFinger42 LFinger0 LFinger01 LFinger02 RClavicle RShoulder RForearm RHand RFinger1 RFinger11 RFinger12 RFinger2 RFinger21 RFinger22 RFinger3 RFinger31 RFinger32 RFinger4 RFinger41 RFinger42 RFinger0 RFinger01 RFinger02 RThigh RShin RFoot RToe LThigh LShin LFoot LToe  
					<BoneOffsets>: 52 8.149073E-08 1 4.656613E-08 0 -0.3526143 -1.396984E-07 -0.9357687 0 -0.9357688 5.820766E-08 0.3526143 0 -0.4425873 0 0.1544193 1 6.402843E-08 0.9999999 0 0 0.05216072 4.656613E-08 -0.9986389 0 -0.9986387 7.566996E-08 -0.05216071 0 -0.3794794 5.960464E-08 0.01767933 1 6.402843E-08 0.9999999 -4.656613E-08 0 -0.2172769 9.313226E-08 -0.97611 0 -0.9761102 6.402843E-08 0.2172769 0 -0.2811341 0 0.096522 1 6.984919E-08 1 0 0 0.2135406 4.656613E-08 -0.9769342 0 -0.9769342 8.149073E-08 -0.2135406 0 -0.2006004 5.960464E-08 0.01336908 1 6.984919E-08 1 2.328306E-08 0 0.2624664 -2.328306E-08 -0.9649412 0 -0.9649411 6.984919E-08 -0.2624664 0 0.02010703 -5.960464E-08 0.06836438 1 5.572292E-06 1 8.294592E-08 0 0.02984146 -8.58563E-08 -0.9995546 0 -0.9995547 5.571928E-06 -0.02984153 0 0.166662 -9.536743E-07 0.03027695 1 0.9131404 0.3133325 -0.2607631 0 -0.3467664 0.2607629 -0.9009749 0 -0.2143073 0.9131407 0.3467663 0 0.02048337 -0.01416302 -0.03451594 1 0.9999562 -0.003473973 -0.00869534 0 -0.008664862 0.008695014 -0.9999248 0 0.00354934 0.9999562 0.00866456 0 0.1592453 -0.06201601 0.02940112 1 0.9999779 0.002937682 -0.005973154 0 -0.005990546 0.005972944 -0.9999644 0 -0.002901908 0.999978 0.005990453 0 0.4483094 -0.05905318 0.03078279 1 0.9991836 0.009261899 -0.03932398 0 -0.03965916 0.03932388 -0.9984394 0 -0.007701083 0.9991838 0.03965907 0 0.69012 -0.05582476 0.005707085 1 0.9576034 -0.1963617 0.2108025 0 0.1687325 -0.2108026 -0.9628561 0 0.2335057 0.9576035 -0.1687327 0 0.7313145 -0.2177254 0.1855187 1 0.9575666 -0.1964445 0.210892 0 0.168786 -0.2108922 -0.962827 0 0.2336174 0.9575669 -0.1687863 0 0.7677438 -0.2177905 0.1855949 1 0.9468456 -0.2497572 0.2027425 0 0.1536025 -0.2027428 -0.9671102 0 0.2826471 0.9468459 -0.1536028 0 0.780926 -0.2620277 0.1779069 1 0.9999787 0.002814061 -0.005889428 0 -0.005905912 0.005889288 -0.9999654 0 -0.002779323 0.9999789 0.005905726 0 0.7839378 -0.06828332 0.02797407 1 0.9999765 0.003087887 -0.006082002 0 -0.006100629 0.006081804 -0.9999631 0 -0.003050768 0.9999771 0.006100466 0 0.8271384 -0.06806326 0.02780104 1 0.9975147 -0.07043982 0.001444208 0 0.001345797 -0.001444435 -0.9999984 0 0.07044177 0.9975151 -0.001345947 0 0.8435466 -0.1301861 0.03472942 1 0.9967732 -0.04637509 -0.06551528 0 -0.06240958 0.06551507 -0.9958981 0 0.05047709 0.9967736 0.06240942 0 0.7762332 -0.1067519 0.001072228 1 0.996776 -0.04600956 -0.06573573 0 -0.06264173 0.06573558 -0.9958691 0 0.05014069 0.996776 0.06264155 0 0.8155762 -0.1064664 0.0008751154 1 0.9914364 -0.1193943 -0.05290747 0 -0.04685963 0.05290732 -0.9974993 0 0.121895 0.9914365 0.04685945 0 0.8279384 -0.1670014 0.01276153 1 0.9450462 -0.1123086 -0.3070415 0 -0.2608704 0.3070415 -0.9152444 0 0.1970642 0.9450465 0.2608705 0 0.7377311 -0.1603476 -0.1854527 1 0.9450432 -0.1120179 -0.3071567 0 -0.2610356 0.3071569 -0.9151586 0 0.1968594 0.9450434 0.2610358 0 0.7632512 -0.160125 -0.1855594 1 0.9415016 -0.1957878 -0.2743038 0 -0.2159726 0.2743038 -0.9370772 0 0.2587109 0.9415016 0.2159727 0 0.7724703 -0.2254013 -0.1549252 1 0.7723577 0.2007051 0.6026453 0 0.5823351 -0.6026458 -0.5456229 0 0.2536723 0.7723573 -0.5823357 0 0.5231847 0.1188309 0.4649346 1 0.7791901 0.1581506 0.6065077 0 0.5613645 -0.6065081 -0.5630435 0 0.278806 0.7791898 -0.5613653 0 0.5738189 0.08690667 0.4669731 1 0.7937136 0.1332095 0.593527 0 0.543488 -0.5935276 -0.5935877 0 0.273203 0.7937133 -0.5434886 0 0.6150808 0.06768638 0.4558238 1 -0.9131435 0.3133258 0.2607599 0 -0.3467602 -0.2607598 -0.9009782 0 -0.2143039 -0.9131436 0.34676 0 0.02048343 0.01416314 -0.03451574 1 -0.9999561 -0.003475568 0.00869534 0 -0.008664792 -0.008695014 -0.9999247 0 0.00355083 -0.9999562 0.00866449 0 0.1592691 0.0620214 0.02940896 1 -0.9999778 0.002937787 0.00597313 0 -0.005990593 -0.005972828 -0.9999642 0 -0.002902088 -0.9999779 0.005990337 0 0.4483335 0.05905759 0.03079081 1 -0.9991837 0.009264693 0.03932379 0 -0.03965911 -0.03932363 -0.9984391 0 -0.007703796 -0.9991838 0.03965894 0 0.6901444 0.0558275 0.005713999 1 -0.9576036 -0.1963615 -0.2108024 0 0.1687325 0.2108028 -0.9628561 0 0.2335056 -0.9576036 -0.168733 0 0.7313352 0.2177327 0.1855321 1 -0.957567 -0.1964442 -0.2108919 0 0.1687861 0.2108923 -0.962827 0 0.2336172 -0.957567 -0.1687865 0 0.7677642 0.2177975 0.1856083 1 -0.9468459 -0.249757 -0.2027426 0 0.1536026 0.202743 -0.9671102 0 0.282647 -0.9468459 -0.153603 0 0.7809464 0.2620364 0.1779203 1 -0.9999787 0.002814437 0.005889371 0 -0.005905895 -0.005889218 -0.9999651 0 -0.002779634 -0.9999787 0.005905703 0 0.7839617 0.06828845 0.02798206 1 -0.9999766 0.003088149 0.006081956 0 -0.006100582 -0.006081711 -0.9999629 0 -0.003051048 -0.999977 0.006100337 0 0.8271625 0.0680685 0.02780885 1 -0.9975149 -0.07043967 -0.001444202 0 0.001345784 0.001444505 -0.999998 0 0.07044158 -0.9975153 -0.001346087 0 0.8435701 0.1301933 0.03473741 1 -0.9967733 -0.0463748 0.06551518 0 -0.06240957 -0.065515 -0.9958979 0 0.0504768 -0.9967735 0.06240927 0 0.7762573 0.1067579 0.001078308 1 -0.9967758 -0.04600948 0.06573577 0 -0.06264173 -0.06573552 -0.9958688 0 0.05014063 -0.9967758 0.06264142 0 0.8155999 0.1064721 0.0008810759 1 -0.9914363 -0.1193942 0.05290743 0 -0.04685964 -0.05290727 -0.9974993 0 0.1218947 -0.9914364 0.04685935 0 0.8279623 0.1670088 0.01276797 1 -0.9450462 -0.1123083 0.3070415 0 -0.2608705 -0.3070413 -0.9152441 0 0.197064 -0.9450464 0.2608703 0 0.7377551 0.1603568 -0.1854537 1 -0.9450533 -0.1119705 0.3071436 0 -0.2610385 -0.3071435 -0.9151621 0 0.1968083 -0.9450535 0.2610383 0 0.7632858 0.1600959 -0.18555 1 -0.9415012 -0.1957877 0.2743038 0 -0.2159727 -0.2743037 -0.9370769 0 0.2587107 -0.9415014 0.2159724 0 0.7724931 0.225413 -0.1549252 1 -0.7723576 0.2007052 -0.6026453 0 0.5823352 0.6026455 -0.5456228 0 0.2536722 -0.7723573 -0.5823357 0 0.5231973 -0.1188371 0.4649559 1 -0.7791901 0.1581507 -0.6065076 0 0.5613648 0.606508 -0.5630435 0 0.278806 -0.7791897 -0.5613652 0 0.573832 -0.0869118 0.4669948 1 -0.7937135 0.1332095 -0.5935271 0 0.543488 0.5935274 -0.5935876 0 0.273203 -0.7937132 -0.5434884 0 0.6150939 -0.06769037 0.4558454 1 -0.01839464 -0.9998308 -2.328306E-07 0 -1.688022E-07 3.259629E-07 -0.9999985 0 0.9998305 -0.01839465 -1.455192E-07 0 0.4293793 0.08900285 -0.003575861 1 -9.313226E-08 -1 -9.313226E-08 0 -1.280569E-07 9.313226E-08 -0.9999985 0 0.9999998 -9.313226E-08 -1.629815E-07 0 0.8490815 0.1046389 -0.003575861 1 5.820766E-08 1 4.307367E-07 0 0.9021512 -2.561137E-07 0.4314165 0 0.4314159 3.667083E-07 -0.9021524 0 0.5480533 -0.1046386 -1.13777 1 9.313226E-08 0.9999999 -1.164153E-07 0 0.9999982 -9.313226E-08 -1.164153E-08 0 7.275958E-09 -1.047738E-07 -0.9999997 0 0.09868044 -0.1046392 -1.308362 1 0.01839433 -0.9998308 0 0 -1.74623E-07 4.656613E-08 -0.9999986 0 0.9998305 0.01839437 -1.513399E-07 0 0.4293762 -0.08900297 -0.003575921 1 -7.275958E-08 -1 3.259629E-07 0 -1.542503E-07 -2.793968E-07 -0.9999987 0 0.9999998 -7.566996E-08 -1.629815E-07 0 0.8490813 -0.1046391 -0.003575861 1 1.396984E-07 0.9999999 -2.561137E-07 0 0.9021494 4.656613E-08 0.4314211 0 0.4314206 -2.997695E-07 -0.9021503 0 0.5480593 0.1046388 -1.137767 1 1.862645E-07 0.9999999 -4.074536E-08 0 0.9999986 -9.313226E-08 -1.164153E-08 0 -1.74623E-08 -4.947651E-08 -0.9999994 0 0.09868163 0.1046389 -1.308363 1  
